	Rk	Team	Conf	Div	W	L	W/L%	MOV	ORtg	DRtg	NRtg	MOV/A	ORtg/A	DRtg/A	NRtg/A
0	1	Boston Celtics	E	A	29	9	.763	9.21	122.45	113.05	9.41	9.92	122.60	112.49	10.11
1	2	Oklahoma City Thunder	W	NW	26	11	.703	9.05	122.60	113.54	9.06	8.99	122.72	113.72	9.00
2	3	Philadelphia 76ers	E	A	23	13	.639	7.81	120.61	112.78	7.83	7.04	119.99	112.92	7.07
3	4	Minnesota Timberwolves	W	NW	26	11	.703	5.38	115.60	110.14	5.46	6.62	115.96	109.26	6.71
4	5	Los Angeles Clippers	W	P	24	13	.649	5.65	120.75	115.04	5.70	5.18	120.47	115.23	5.24
5	6	Denver Nuggets	W	NW	26	13	.667	4.95	120.04	114.88	5.15	4.86	120.36	115.32	5.04
6	7	New Orleans Pelicans	W	SW	23	15	.605	5.00	118.35	113.23	5.12	4.91	118.82	113.80	5.02
7	8	New York Knicks	E	A	22	16	.579	3.79	119.53	115.50	4.02	3.88	119.16	115.05	4.11
8	9	Milwaukee Bucks	E	C	26	12	.684	4.97	122.19	117.28	4.90	4.10	121.31	117.26	4.05
9	10	Indiana Pacers	E	C	22	15	.595	2.78	123.57	120.80	2.76	2.53	123.64	121.12	2.53
10	11	Houston Rockets	W	SW	18	18	.500	2.11	114.63	112.47	2.16	2.44	114.82	112.34	2.48
11	12	Cleveland Cavaliers	E	C	22	15	.595	1.92	115.38	113.51	1.87	1.73	114.84	113.14	1.70
12	13	Orlando Magic	E	SE	21	16	.568	1.32	113.52	112.22	1.29	1.44	112.99	111.58	1.41
13	14	Dallas Mavericks	W	SW	23	16	.590	1.74	118.67	117.17	1.50	0.95	119.58	118.87	0.71
14	15	Sacramento Kings	W	P	23	14	.622	1.03	118.15	117.37	0.78	0.91	118.41	117.74	0.67
15	16	Miami Heat	E	SE	21	16	.568	0.78	116.46	115.62	0.84	0.24	116.18	115.93	0.26
16	17	Golden State Warriors	W	P	17	20	.459	-0.78	117.83	118.58	-0.76	0.22	118.54	118.28	0.26
17	18	Phoenix Suns	W	P	20	18	.526	1.24	118.56	117.28	1.29	-0.36	118.56	118.89	-0.33
18	19	Atlanta Hawks	E	SE	15	21	.417	-1.31	120.71	121.99	-1.28	-1.03	120.97	121.94	-0.98
19	20	Toronto Raptors	E	A	15	23	.395	-0.84	116.78	117.77	-0.99	-1.04	116.54	117.71	-1.18
20	21	Los Angeles Lakers	W	P	19	20	.487	-1.51	113.15	114.85	-1.70	-1.10	114.06	115.35	-1.29
21	22	Chicago Bulls	E	C	18	21	.462	-1.97	113.74	115.93	-2.19	-1.74	113.42	115.37	-1.95
22	23	Brooklyn Nets	E	A	16	22	.421	-1.84	116.95	118.88	-1.92	-2.01	116.68	118.77	-2.09
23	24	Utah Jazz	W	NW	19	20	.487	-3.18	115.35	118.63	-3.29	-3.20	115.88	119.18	-3.30
24	25	Memphis Grizzlies	W	SW	14	23	.378	-5.05	108.86	113.90	-5.04	-4.88	108.76	113.62	-4.86
25	26	San Antonio Spurs	W	SW	6	30	.167	-10.44	109.52	119.65	-10.13	-9.48	110.15	119.33	-9.18
26	27	Portland Trail Blazers	W	NW	10	27	.270	-9.41	108.63	118.09	-9.46	-9.74	107.97	117.79	-9.82
27	28	Washington Wizards	E	SE	6	31	.162	-10.76	112.23	122.79	-10.57	-10.49	111.68	122.00	-10.33
28	29	Charlotte Hornets	E	SE	8	27	.229	-10.89	111.35	122.55	-11.20	-10.46	111.13	121.89	-10.76
29	30	Detroit Pistons	E	C	3	35	.079	-11.66	110.73	122.24	-11.51	-11.23	110.56	121.65	-11.10
